  164	000 000 0 0
    3	000 000 0 3
    3	000 000 0 4
   12	000 000 0 5
   21	000 000 1 0
    3	400 000 1 0
    6	000 000 1 1
    3	400 000 1 1
    3	000 000 1 7
   12	400 000 2 4
    3	000 000 3 4
    1	000 000 4 5
    3	400 000 4 7
    3	400 000 4 9
    3	000 000 6 4
    7	000 000 6 8
    2	400 000 6 8
    2	000 000 8 4
    1	400 000 8 4
    3	000 000 9 5
    3	400 000 9 c
    2	000 000 a 8
    1	400 000 a 8
    2	000 000 a 9
    1	400 000 a 9
    2	000 000 b 9
    1	400 000 b 9
    3	000 000 c 5
   12	400 000 d 6
    3	400 000 e 1
    2	000 002 0 2
    1	400 002 0 2
    3	000 002 0 5
    5	000 002 1 2
    1	400 002 1 2
    3	000 002 1 d
    1	000 002 4 6
    3	400 002 8 0
    3	000 002 9 6
    2	000 002 a 8
    1	400 002 a 8
    2	000 002 b 9
    1	400 002 b 9
    3	400 002 c 0
    3	000 002 c 4
    3	400 002 d 7
    3	400 004 0 3
    3	000 004 0 5
    9	000 004 1 3
    3	000 004 1 6
    1	000 004 4 7
    3	400 004 c 5
    3	000 004 c 6
    6	400 006 1 3
    3	400 006 2 8
    1	000 006 4 8
    3	400 006 8 8
    3	000 006 c 6
    3	400 006 c 7
    6	000 008 0 6
    3	000 008 1 6
    1	000 008 4 9
    3	c00 008 c 4
    3	000 008 c 7
    1	000 00a 4 0
    3	000 00a c 3
    3	000 00c 0 7
    1	000 00c 4 1
    3	000 00c c 9
    1	000 00e 4 2
    3	000 00e c 8
    3	000 010 0 4
    2	000 010 0 7
    1	400 010 0 7
    6	000 010 1 7
    1	400 010 4 3
    2	000 016 0 4
    7	400 016 0 4
    3	400 016 0 5
    3	400 018 0 5
    3	000 018 0 7
    6	400 018 0 7
    3	000 01a 0 4
    3	400 01c 0 5
    3	000 01e 0 4
         
    1	003 fec f 0
    1	003 fee f 1
    1	003 ff0 f 2
    1	003 ff2 f 3
    1	003 ff4 f 4
    1	003 ff6 f 5
    1	003 ff8 f 6
    9	003 ff8 f 8
    1	003 ffa f 7
    9	003 ffa f 9
    3	003 ffa f b
    6	003 ffc f 6
    1	003 ffc f 8
    6	003 ffc f a
    3	403 ffc f a
    3	003 ffc f c
    1	003 ffe f 9
    6	003 ffe f b
    3	403 ffe f b
   20	003 ffe f e
   15	403 ffe f e

    1	013 fec f 0
    1	013 fee f 1
    1	013 ff0 f 2
    1	013 ff2 f 3
    1	013 ff4 f 4
    1	013 ff6 f 5
    1	013 ff8 f 6
    9	413 ff8 f 8
    1	013 ffa f 7
    3	013 ffa f 9
    6	413 ffa f 9
    3	013 ffa f b
    4	013 ffc f 6
    2	413 ffc f 6
    1	013 ffc f 8
    9	413 ffc f a
    3	013 ffc f c
    1	013 ffe f 9
    9	413 ffe f b
   11	013 ffe f e
   27	413 ffe f e



    3	004 002b c

    3	008 0020 3
    2	008 0040 5
    2	008 0050 3
    2	008 0070 d
    6	008 0071 5
    4	008 00a0 2
    2	008 00b0 3
    3	008 00cc 9
    2	008 00d0 4
    3	008 00dc b
    3	008 00e0 d
    2	008 0160 5
    2	008 0170 5
    3	008 01e0 2
    2	008 01f0 5

    3	408 0002 1
    1	408 0040 5
    4	408 0050 3
    3	408 0060 5
    1	408 0070 d
    3	408 007d 7
    6	408 0090 5
    6	408 0090 7
    3	408 00a0 4
    3	408 00a0 d
    1	408 00b0 3
    3	408 00b0 5
    3	408 00b0 d
    1	408 00d0 4
    3	408 00e0 2
    3	408 00e0 4
    3	408 00f0 2
    1	408 0160 5
    1	408 0170 5

    2	c08 00a0 2

    6	010 0000 4
   13	010 0001 0
    3	010 0001 5
    3	010 0002 3
   15	010 0002 5
    6	010 0002 7
    6	010 0002 8
    6	010 0005 8
    2	010 000a 9
    3	010 000d 6
    2	010 002d 7
    6	010 0060 6
    3	010 0061 3
    6	010 0100 5
    3	010 0101 4
    6	010 0140 5
    6	010 0160 4
    3	010 0160 5
    3	010 04a2 3

    3	410 0000 2
    2	410 0001 0
    3	410 0004 5
    3	410 0004 7
    3	410 000a 8
    7	410 000a 9
    3	410 000b 9
    3	410 000e 1
    3	410 000e c
   12	410 0022 4
    1	410 002d 7
    9	410 0100 3

    3	014 0004 0
    3	014 0004 1
    6	014 0004 2
    6	014 0004 3
    2	014 000e 0
    2	014 000e 1
    2	014 000e 2
    2	014 000e 3
    3	014 000e 4
    3	014 000e 5
    3	014 000e 6
    3	014 000e 7
    3	014 000e 8
    3	014 000e 9
    3	014 000e a
    3	014 000e b
    3	014 000e c
    3	014 000e d
    6	014 000e f

    3	414 0022 6


    3	018 0001 7
    3	018 000d 7
    3	018 003d 7
    3	018 00dc 5

    3	418 0002 7
    6	418 007d 3
    3	418 00b0 d
    3	418 00dc 6

    2	01c 0012 4
    2	01c 0012 7
    3	01c 0012 b

    1	41c 0012 4
    1	41c 0012 7


    9	020 0035 e
    2	020 0056 e
    3	020 005d e

    1	420 0056 e
    3	420 005e e
    6	420 00a3 8
    6	420 00b3 9

    3	040 001 0 1
   12	040 002 0 0
    9	040 002 3 3
    3	040 003 3 d
   30	040 003 4 4
    9	040 003 7 7
    3	040 003 d d
    6	040 004 0 0
    3	040 004 2 d
    3	040 006 4 5
    6	040 006 7 7
    3	040 008 9 b

    3	042 003 5 5
    9	042 003 7 7
    3	042 004 0 a
    3	042 004 2 7
    6	042 004 5 4
    3	042 004 7 a
    3	042 004 d 2
    3	042 005 9 9
    3	042 009 5 9
    3	042 00d 7 7
    3	044 000 4 4
    6	044 000 b b
    3	044 007 4 4
    6	044 007 b b
    3	045 001 8 7
    3	045 002 7 3
    3	045 003 6 6
    3	045 004 8 7
    3	045 005 8 7
    3	045 006 5 5
    3	048 001 2 2
    6	048 001 4 4
    6	048 001 4 b
    2	048 001 5 5
    5	048 001 6 6
    3	048 001 7 7
    6	048 001 a 9
    6	048 001 d d
   18	048 002 0 0
    3	048 002 3 3
    3	048 002 6 6
    3	048 002 9 9
   32	048 002 f f
    3	048 004 3 3
    3	048 004 f f
    3	048 006 3 3
    3	048 006 f f
    3	048 008 1 4
    3	048 008 1 6
    9	048 008 f f
    3	048 00c 4 4
    1	048 014 f f
    3	048 028 3 3
    1	048 fec f f
    9	048 ff8 f f
    3	048 ffa f f
    3	048 ffc f f
   29	048 ffe f f
    3	048 fff d d
                
    3	049 000 7 7
                
    6	04a 001 0 0
    6	04a 001 1 1
    3	04a 001 2 2
    3	04a 001 2 d
    9	04a 001 3 3
    6	04a 001 4 4
    3	04a 001 5 5
    3	04a 001 7 4
    3	04a 001 8 8
    3	04a 001 9 9
    6	04a 001 a b
   33	04a 001 d d
    3	04a 002 0 1
    3	04a 002 0 5
    3	04a 002 0 b
    6	04a 002 5 5
    9	04a 002 d d
    3	04a 010 8 5
    6	04a 0c0 7 6
    6	04a 0f0 7 7
    3	04a 1e0 7 7

    3	04c 001 d 7
   18	04c 07f 0 0
    3	04c 07f 7 7
    3	04c 0ff 6 6
   12	04c 0ff 6 d
    3	04c 0ff 7 7
    3	04c 3ff 2 d
    3	04c 3ff 6 6


    9	058 0004 0
    3	058 0005 0
    3	058 000d 0
   30	058 0016 0
    6	058 0018 0
    6	058 001a 0
    3	058 0035 0
   12	058 0037 0
   36	058 0042 0
    2	058 0052 0
    6	058 0054 0
    6	058 0056 0
   18	058 0057 0
    3	058 0059 0
    3	058 0074 0
    3	058 0075 0
    6	058 0081 0
    6	058 0094 0
    6	058 00d4 0

    3	05c 0054 0
    3	05c 0063 0
    3	05c 0074 0
    3	05c 00b9 0


    3	060 0000 0
   15	060 0000 1
    6	060 0000 2
    9	060 0000 3
   24	060 0000 4
   12	060 0000 5
    6	060 0000 7
    9	060 0000 8
    3	060 0000 9
    6	060 0000 a
    3	060 0000 b
    6	060 0000 c
    6	060 0000 d
    3	060 0002 3
    2	060 0002 5
    3	060 0003 3
    1	060 0003 6
    3	060 0004 3
    1	060 0004 5
    1	060 0005 6
    1	060 0006 5
    3	060 0008 2
    9	060 000f 4
    2	060 0018 5
    3	060 ffff 4


  576	078 0000 0


  192	082 0000 0
    6	084 0000 0


// branches and such (code address in op)

    3	0a0 0000 0
    1	0a0 003c 0
    2	0a0 003f 0
    1	0a0 0051 0
    2	0a0 0054 0
    1	0a0 0066 0
    2	0a0 006b 0
    1	0a0 0091 0
    2	0a0 0096 0
    1	0a0 00bf 0
    2	0a0 00c4 0
    1	0a0 00d3 0
    2	0a0 00d8 0
    2	0a0 0191 0
    2	0a0 019b 0
    2	0a0 019c 0
    1	0a0 0202 0
    1	0a0 0219 0
    1	0a0 021b 0
    1	0a0 0232 0
    1	0a0 0238 0
    1	0a0 023e 0
    1	0a0 0251 0
    1	0a0 0255 0
    1	0a0 025c 0
    1	0a0 0274 0
    1	0a0 0275 0
    1	0a0 027a 0
    1	0a0 0293 0
    1	0a0 0298 0
    1	0a0 02b6 0
    1	0a0 0311 0
    2	0a0 0314 0
    1	0a0 032a 0
    2	0a0 032d 0
    1	0a0 0338 0
    1	0a0 034d 0
    2	0a0 0350 0
    1	0a0 0351 0
    1	0a0 0354 0
    1	0a0 0361 0
    1	0a0 036d 0
    1	0a0 0374 0
    1	0a0 037a 0
    1	0a0 0390 0
    1	0a0 039d 0
    1	0a0 03a7 0
    2	0a0 03aa 0
    1	0a0 03c0 0
    2	0a0 03c3 0
    1	0a0 03cf 0
    1	0a0 03e3 0
    2	0a0 03e6 0
    1	0a0 03e8 0
    1	0a0 03ff 0
    1	0a0 040b 0
    1	0a0 0416 0
    1	0a0 0418 0
    1	0a0 0423 0
    1	0a0 042f 0
    1	0a0 043b 0
    1	0a0 043c 0
    1	0a0 0452 0
    1	0a0 045f 0
    1	0a0 058a 0
    1	0a0 05ca 0
    1	0a0 05cd 0
    1	0a0 05ff 0
    1	0a0 060d 0
    2	0a0 063f 0
    2	0a0 0671 0
    1	0a0 0672 0
    1	0a0 067d 0
    2	0a0 067f 0
    1	0a0 06a4 0
    1	0a0 06af 0
    1	0a0 06b2 0
    1	0a0 06bd 0
    1	0a0 06df 0
    1	0a0 0711 0
    1	0a0 071f 0
    1	0a0 0781 0
    2	0a0 079a 0
    1	0a0 07b1 0
    1	0a0 07c1 0
    2	0a0 07ca 0
    2	0a0 07da 0

    1	4a0 025c 0
    1	4a0 0275 0
    1	4a0 0298 0
    1	4a0 031e 0
    1	4a0 0337 0
    1	4a0 035a 0
    1	4a0 03b5 0
    1	4a0 03ce 0
    1	4a0 03f1 0
    1	4a0 05dd 0

    1	ca0 0338 0
    1	ca0 0351 0
    1	ca0 0374 0
    1	ca0 03cf 0
    1	ca0 03e8 0
    1	ca0 040b 0

    2	0a2 0072 0
    4	0a2 0077 0
   14	0a2 00de 0
   26	0a2 00e3 0
    1	0a2 01cd 0
    1	0a2 01ce 0
    2	0a2 02d7 0
    2	0a2 02f0 0
    2	0a2 0313 0
    2	0a2 036b 0
    2	0a2 0384 0
    2	0a2 03a7 0
    1	0a2 042d 0
    1	0a2 0446 0
    1	0a2 047d 0
    1	0a2 04bb 0
    3	0a2 0647 0
    2	0a2 065c 0
    3	0a2 0679 0
    3	0a2 0687 0
    2	0a2 068e 0
    2	0a2 069c 0

    1	4a2 01be 0

    1	0a8 0095 0
    2	0a8 009a 0
    1	0a8 00a1 0
    2	0a8 00a6 0
    2	0a8 00de 0
    3	0a8 021f 0
    1	0a8 0338 0
    1	0a8 0351 0
    1	0a8 0374 0
    1	0a8 03cf 0
    1	0a8 03e8 0
    1	0a8 03ee 0
    1	0a8 03f7 0
    1	0a8 0407 0
    1	0a8 040b 0
    1	0a8 0410 0
    1	0a8 042a 0
    1	0a8 0433 0
    1	0a8 0541 0
    1	0a8 057e 0
    1	0a8 05a2 0
    1	0a8 05c4 0
    1	0a8 063f 0
    1	0a8 0644 0
    1	0a8 0671 0
    1	0a8 0676 0
    1	0a8 067c 0
    2	0a8 067d 0
    1	0a8 067f 0
    1	0a8 0684 0
    1	0a8 06ae 0
    2	0a8 06af 0
    1	0a8 06bc 0
    2	0a8 06bd 0
    1	0a8 06ce 0
    1	0a8 06d7 0
    1	0a8 0700 0
    1	0a8 0709 0
    1	0a8 070e 0
    1	0a8 0717 0
    1	0a8 0734 0
    1	0a8 0766 0
    2	0a8 0774 0
    1	0a8 07a5 0
    1	0a8 07b4 0

    1	4a8 00d9 0
    1	4a8 0562 0
    1	4a8 05a1 0
    1	4a8 05a2 0
    1	4a8 05c4 0
    1	4a8 05f2 0
    1	4a8 0624 0
    1	4a8 0632 0
    1	4a8 066b 0
    1	4a8 069d 0
    1	4a8 06ab 0
    1	4a8 06e9 0
    1	4a8 071b 0
    1	4a8 0729 0

    1	0aa 02fb 0
    2	0aa 0314 0
    1	0aa 0327 0
    1	0aa 032d 0
    1	0aa 0337 0
    1	0aa 0338 0
    1	0aa 0340 0
    1	0aa 0350 0
    1	0aa 0351 0
    1	0aa 0354 0
    1	0aa 0358 0
    1	0aa 0363 0
    1	0aa 036d 0
    1	0aa 0371 0
    1	0aa 0374 0
    2	0aa 0390 0
    1	0aa 0394 0
    1	0aa 03a9 0
    1	0aa 03aa 0
    1	0aa 03c3 0
    1	0aa 03cc 0
    1	0aa 03cf 0
    1	0aa 03e6 0
    1	0aa 03e8 0
    4	0aa 03f7 0
    1	0aa 040b 0
    4	0aa 0410 0
    1	0aa 0416 0
    1	0aa 041a 0
    1	0aa 042f 0
    5	0aa 0433 0
    1	0aa 0452 0
    1	0aa 0456 0
    1	0aa 0475 0
    1	0aa 047a 0
    1	0aa 0482 0
    1	0aa 049d 0
    1	0aa 04b3 0
    1	0aa 04c0 0
    1	0aa 04d6 0
    1	0aa 04e3 0
    1	0aa 058c 0
    1	0aa 05c7 0
    1	0aa 05cc 0
    1	0aa 05df 0
    1	0aa 05e9 0
    1	0aa 060b 0
    1	0aa 063d 0
    1	0aa 064b 0
    1	0aa 06ac 0
    1	0aa 06b0 0
    1	0aa 06bf 0
    1	0aa 06c7 0
    1	0aa 06d0 0
    1	0aa 06de 0
    1	0aa 06e2 0
    1	0aa 06ec 0
    1	0aa 06f0 0
    1	0aa 06fd 0
    1	0aa 06ff 0
    1	0aa 0702 0
    1	0aa 0707 0
    1	0aa 0710 0
    1	0aa 072f 0
    2	0aa 073d 0
    1	0aa 076e 0
    1	0aa 077d 0
    1	0aa 078f 0
    1	0aa 0795 0
    1	0aa 079a 0
    1	0aa 07ca 0
    1	0aa 07cf 0
    1	0aa 07d5 0
    1	0aa 07da 0

    1	4aa 00bf 0
    2	4aa 00c4 0
    1	4aa 03be 0
    1	4aa 03d7 0
    1	4aa 03fa 0
    1	4aa 0630 0
    1	4aa 0662 0
    1	4aa 0670 0
    1	4aa 06f1 0
    1	4aa 06f9 0
    1	4aa 07c0 0
    1	4aa 07c6 0

    1	0ac 0215 0
    1	0ac 022e 0
    1	0ac 0251 0
    1	0ac 02f5 0
    1	0ac 030d 0
    1	0ac 030e 0
    1	0ac 031b 0
    1	0ac 0326 0
    1	0ac 0331 0
    1	0ac 0332 0
    1	0ac 0334 0
    1	0ac 0349 0
    1	0ac 034b 0
    1	0ac 0353 0
    1	0ac 0357 0
    1	0ac 036c 0
    1	0ac 036e 0
    1	0ac 038a 0
    1	0ac 038f 0
    2	0ac 03a3 0
    1	0ac 03bc 0
    1	0ac 03c6 0
    1	0ac 03c9 0
    1	0ac 03df 0
    1	0ac 03e2 0
    1	0ac 0405 0
    1	0ac 0415 0
    1	0ac 042e 0
    1	0ac 0451 0
    1	0ac 0644 0
    1	0ac 0676 0
    1	0ac 0684 0

    1	4ac 009a 0
    2	4ac 009f 0
    1	4ac 0220 0
    1	4ac 0239 0
    1	4ac 0249 0
    1	4ac 025c 0
    1	4ac 0262 0
    1	4ac 0285 0
    1	4ac 0288 0
    1	4ac 02a1 0
    1	4ac 02c4 0
    1	4ac 03b2 0
    1	4ac 03cb 0
    1	4ac 03ee 0

    1	0ae 0271 0
    1	0ae 028a 0
    1	0ae 02ad 0
    2	0ae 0314 0
    2	0ae 032d 0
    2	0ae 0350 0
    2	0ae 03aa 0
    2	0ae 03c3 0
    2	0ae 03e6 0
    1	0ae 0562 0
    1	0ae 057a 0
    5	0ae 0589 0
    1	0ae 05a2 0
    1	0ae 05ba 0
    1	0ae 05bd 0
    1	0ae 05c4 0
    5	0ae 05c9 0
    9	0ae 05cb 0
    1	0ae 05cd 0
    1	0ae 05ef 0
    1	0ae 05fd 0
    9	0ae 060b 0
    1	0ae 0634 0
    1	0ae 0666 0
    1	0ae 0674 0

    1	4ae 0274 0
    1	4ae 028d 0
    1	4ae 02b0 0
    1	4ae 05dc 0
    1	4ae 05fd 0

// end of branches and stuff //



   18	0b2 0000 0
    6	0b8 0000 0
   12	0ba 0000 0


    3	120 0013 2
   18	120 0015 5
    3	120 0016 6
    6	120 001a a
    6	120 001b b
    3	120 0023 2
    9	120 0023 3
    3	120 0024 4
    6	120 0028 8
    6	120 0029 9
    3	120 00c3 3
    9	120 00c8 8

    3	128 0010 a
    3	128 0017 a
    3	128 0020 d
   15	128 0026 6
   12	128 0027 7
    3	128 002b b
    3	128 002d d

    2	144 0000 4
    3	144 0000 5
    6	144 0000 d
   31	144 0001 d
    6	144 0002 d
    2	144 0004 0
    6	144 0004 a
    3	144 0004 d
    9	144 0007 3
    3	144 000d 2
    3	144 000d 3
    3	144 000e 4

    6	160 fff8 a
    6	160 fffa a
    3	160 fffb 6
    2	160 fffc 6
    5	160 fffd 6
    4	160 fffe 6
    3	160 fffe 9
    3	160 ffff 4
   13	160 ffff 6
    6	160 ffff 7
    6	160 ffff 8
    6	160 ffff 9
    9	160 0000 1
    3	160 0000 2
   12	160 0000 3
    3	160 0000 4
   47	160 0000 5
   13	160 0000 6
   18	160 0000 7
    3	160 0000 d
    3	160 0001 0
    3	160 0001 3
    3	160 0001 5
   19	160 0001 6
    9	160 0001 7
    4	160 0002 6
    3	160 0002 8
    4	160 0003 6
    3	160 0003 d
    2	160 0004 0
    2	160 0004 6
    3	160 0004 d
    2	160 0005 6
    3	160 000a 8
    3	160 000a d
    6	160 000b 0
   26	160 000b d
    3	160 000c 4
    3	160 000c 8
    3	160 000d 8
    3	160 000f 0
    3	160 000f 5
    9	160 000f 7
    3	160 0014 5
    2	160 0017 1
    3	160 0018 1
    9	160 0018 4
    3	160 0024 6
    3	160 003c 2
    9	160 003c 6
    6	160 003d 2
    3	160 003d 6
    8	160 004a 4
    8	160 004b 5
    8	160 004c 6
    6	160 0050 4
    6	160 0050 5
    3	160 0051 5
    3	160 0052 6
    6	160 0080 6
    3	160 0090 3
    6	160 00a4 4
    6	160 00bf 5
    3	160 00fb 9
    6	160 0180 6
    6	160 01bb 3
    6	160 01e0 2
    3	160 0200 f
    3	160 0210 2
    3	160 0220 2
    3	160 0274 3
    3	160 04fc 9
    6	160 0690 6
    3	160 0694 e
    3	160 069c a
    3	160 06a0 4
    3	160 06a4 9
    6	160 06a4 d
    3	160 06a8 2
    3	160 06a8 e
    3	160 06ac 8
    3	160 0710 2
    3	160 0750 0
    3	160 0754 1
    3	160 075c e
    3	160 07ec a
    3	160 07f0 b
    3	160 07f4 6
    6	160 08c0 5
    3	160 08c0 6
    3	160 0c00 5
    4	160 1424 6
    2	160 1428 6
    2	160 1428 7
    1	160 142c 7
    2	160 1450 1
    2	160 1452 1
    1	160 1460 1
    1	160 1462 1
    2	160 146c d
    3	160 14b2 3
    1	160 14b2 6
    1	160 14b2 e
    2	160 14ec d
    3	160 1534 3
    1	160 1534 6
    1	160 1534 e
    2	160 1538 d
    3	160 157c 3
    1	160 157c 6
    1	160 157c e
    6	160 1700 2
    1	160 1f40 5
    2	160 20e0 5

    3	170 0010 2
    3	170 0023 3
    3	170 0035 3
    3	170 0045 4

    3	178 0010 3
    3	178 0036 3
    6	178 0052 3
    6	178 0056 6
    3	178 0064 4


    3	980 2000 0

    1	988 003a 0
    2	988 003d 0
    1	988 004f 0
    2	988 0052 0
    1	988 0064 0
    2	988 0069 0
    1	988 00f2 0
    2	988 00f7 0
    1	988 00fe 0
    2	988 0103 0
    1	988 010a 0
    2	988 0112 0
    1	988 0116 0
    2	988 011e 0
    1	988 0122 0
    2	988 012a 0
    1	988 012d 0
    2	988 0136 0
    1	988 013e 0
    1	988 0145 0
    2	988 0149 0
    1	988 014c 0
    2	988 0150 0
    1	988 0154 0
    2	988 0157 0
    1	988 015c 0
    2	988 015f 0
    1	988 0163 0
    2	988 0167 0
    2	988 016e 0
    1	988 0175 0
    1	988 017f 0
    1	988 0180 0
    1	988 0198 0
    1	988 01a3 0
    1	988 01a4 0
    1	988 01b8 0
    1	988 01c7 0
    1	988 01c8 0
    1	988 01d0 0
    1	988 01dd 0
    1	988 01df 0
    1	988 01e0 0
    1	988 01ed 0
    1	988 0216 0
    1	988 022f 0
    1	988 0252 0
    1	988 0259 0
    1	988 0272 0
    1	988 0295 0
    1	988 02e1 0
    1	988 02fa 0
    1	988 031d 0
    1	988 0375 0
    1	988 038e 0
    1	988 03b1 0
    1	988 0432 0
    1	988 0445 0
    1	988 044b 0
    1	988 045e 0
    1	988 0463 0
    1	988 046e 0
    1	988 0473 0
    1	988 047a 0
    1	988 047e 0
    1	988 0481 0
    1	988 0490 0
    1	988 049d 0
    1	988 04a1 0
    1	988 04b1 0
    1	988 04b2 0
    1	988 04ba 0
    1	988 04bc 0
    1	988 04c4 0
    1	988 04ca 0
    1	988 04ce 0
    1	988 04d4 0
    1	988 04da 0
    1	988 04df 0
    1	988 04e5 0
    1	988 04ec 0
    1	988 04f0 0
    1	988 04f1 0
    1	988 04f8 0
    1	988 04fa 0
    1	988 0508 0
    1	988 050d 0
    1	988 0513 0
    1	988 0518 0
    1	988 051b 0
    1	988 0523 0
    1	988 0525 0
    1	988 052a 0
    1	988 052b 0
    1	988 0537 0
    1	988 053b 0
    1	988 0546 0
    1	988 054a 0
    1	988 054d 0
    1	988 055a 0
    1	988 0562 0
    1	988 056d 0
    1	988 0585 0
    1	988 0613 0
    1	988 0645 0
    1	988 0653 0
    1	988 068d 0
    1	988 0698 0
    1	988 06bf 0
    1	988 06ca 0
    1	988 06cd 0
    1	988 06d8 0
    1	988 0710 0
    1	988 072f 0
    1	988 0742 0
    2	988 0750 0
    1	988 0761 0
    2	988 076f 0
    1	988 0781 0
    1	988 0790 0
    1	988 07a0 0
    1	988 07af 0

    1	d88 020a 0

    2	9c0 0983 0
    2	9c0 09f3 0
   12	9c0 0a85 0
    2	9c0 1091 0
    3	9c0 1172 0
    6	9c0 1820 1
    2	9c0 1922 0
   12	9c0 1aa5 0
    3	9c0 1b97 0
    3	9c0 2387 0
    3	9c0 2397 0
    3	9c0 2800 0
    3	9c0 2b06 0
    2	9c0 3081 0
    3	9c0 3204 0
    5	9c0 3234 0
    3	9c0 3295 0
    5	9c0 32c5 0
    3	9c0 3326 0
    5	9c0 3356 0
    3	9c0 3881 0
    6	9c0 38e1 0
    3	9c0 3983 0
    3	9c0 39e3 0
    3	9c0 3a04 0
    3	9c0 3a44 0
    3	9c0 3a95 0
    3	9c0 3aa5 0
    3	9c0 3ad5 0
    1	9c0 3b46 0
   12	9c0 3b66 0
    1	9c0 3bd7 0
    1	9c0 3c68 0
    1	9c0 3ca9 0
    3	9c0 4282 0
    3	9c0 42b2 0
    3	9c0 5080 0
    3	9c0 5292 0
    3	9c0 52b2 0
    3	9c0 6183 0
    2	9c0 8004 0
    4	9c0 8004 8
   58	9c0 c001 8
    9	9c0 c003 8
    3	9c0 c007 8
    6	9c0 c00b 0
    3	9c0 c00b 8
    3	9c0 c011 8
   21	9c0 c02b 0
    3	9c0 c02b 8
    6	9c0 c033 0
    6	9c0 c03b 0
    6	9c0 c051 0
    2	9c0 c061 8
    1	9c0 c06b 8
   61	9c0 c07b 0

    3	dc0 1ba7 0
    3	dc0 2902 0
    6	dc0 2932 0
    6	dc0 29e3 0
    3	dc0 2a44 0
    3	dc0 2b16 0
    6	dc0 3a54 0
    3	dc0 c001 8

    6	9c1 0040 0
    9	9c1 0048 0
   12	9c1 0070 0
    3	9c1 8002 4
   16	9c1 8002 8
    3	9c1 8003 4
   13	9c1 8006 8
   11	9c1 800a 8
    5	9c1 800e 8
    3	9c1 8048 0
    6	9c1 8065 0
    6	9c1 8067 4
    6	9c1 807a 4
    6	9c1 807e 0
    6	9c1 d000 4
    3	9c1 d004 4
    3	9c1 d060 0
   15	9c1 d06c 4
    8	9c1 e000 8
    3	9c1 e004 8

    3	dc1 0038 8
    3	dc1 8040 4
    3	dc1 d060 0
    6	dc1 d060 4
    6	dc1 d064 4
    6	dc1 d068 4
    3	dc1 d06c 4

    3	9d0 0881 0
    3	9d0 0b36 0
    1	9d0 14a9 0
    2	9d0 1922 0
    3	9d0 1b06 0
    3	9d0 1b26 0
    1	9d0 2346 0
   12	9d0 2902 0
    6	9d0 29e3 0
    3	9d0 2a04 0
    3	9d0 2a95 0
    6	9d0 2b06 0
    3	9d0 2bc7 0
    1	9d0 2bd7 0
    3	9d0 3204 0
    5	9d0 3234 0
    3	9d0 3244 0
    3	9d0 3295 0
    5	9d0 32c5 0
    3	9d0 32d5 0
    3	9d0 3326 0
    5	9d0 3356 0
    3	9d0 3366 0
    1	9d0 3468 0
    3	9d0 3881 0
    3	9d0 3891 0
    3	9d0 3a95 0
    3	9d0 3c89 0
    6	9d0 4000 4
   30	9d0 4000 8
   18	9d0 4050 8
    6	9d0 4448 0
    6	9d0 4449 0
    3	9d0 4468 0
    6	9d0 4469 0
    6	9d0 446a 0
    6	9d0 4478 0
    6	9d0 4479 0
    4	9d0 8811 8
    2	9d0 8814 8
    3	9d0 c021 0
   24	9d0 c02b 8
    3	9d0 c803 8
    3	9d0 c809 8
   12	9d0 c810 8
    3	9d0 c810 c
   42	9d0 c811 8
    9	9d0 c812 8
    6	9d0 c814 8
    9	9d0 c815 8
    3	9d0 c815 c
    6	9d0 c819 8
    3	9d0 c81a c
   42	9d0 c81b 8
   22	9d0 c821 8
    3	9d0 c825 8
    6	9d0 c829 8
    6	9d0 c82b 8
   39	9d0 c831 8
    6	9d0 c833 8
    5	9d0 c84b 8
    5	9d0 c851 8
    3	9d0 c871 8
    3	9d0 c87b 8

    3	dd0 4000 8
    6	dd0 4060 4
    3	dd0 c061 8
    2	dd0 c811 8
    3	dd0 c81b 8

    3	9d1 0020 0
    6	9d1 0038 0
    3	9d1 0820 8
    3	9d1 0824 8
    3	9d1 0828 8
    3	9d1 082c 8
   12	9d1 0848 0
   12	9d1 0870 0
    6	9d1 4027 0
    6	9d1 4053 0
    6	9d1 4055 0
    3	9d1 4057 0
    9	9d1 8007 8
    8	9d1 8010 8
    8	9d1 8014 8
    1	9d1 8018 8
    1	9d1 801c 8
    3	9d1 8020 0
    6	9d1 8065 4
    6	9d1 8067 4
   11	9d1 8810 8
   10	9d1 8814 8
    3	9d1 8870 4
    3	9d1 8874 0
    6	9d1 e810 8
    3	9d1 e814 8

    3	dd1 0038 0
    6	dd1 0848 0
    6	dd1 0870 0
    3	dd1 4053 0
    2	dd1 8810 8

    3	1e0 8000 0
    1	1e0 8800 0
    1	1e0 8810 0

    3	9e0 0000 0
    3	9e0 0004 0
    3	9e0 0008 0
    3	9e0 000c 0
    3	9e0 8000 0
    3	9e0 8010 0
    3	9e0 8020 0
    3	9e0 8030 0
    3	9e0 8040 0
    3	9e0 8050 0
    3	9e0 8060 0
    3	9e0 8070 0
   42	9e0 8800 0
    8	9e0 8810 0
    9	9e0 8820 0
    6	9e0 8830 0
    3	9e0 8840 0

   30	9e0 9000 0
    3	9e0 9030 0

    3	9e0 c810 0

   30	9e0 d050 0

    6	1e0 e839 0

    6	9e0 e022 0
    6	9e0 e026 0
    3	9e0 e037 0
    3	9e0 e042 0
    6	9e0 e047 0
    6	9e0 e053 0
    3	9e0 e055 0
    3	9e0 e056 0
    3	9e0 e062 0
    2	9e0 e073 0
    3	9e0 e074 0
    3	9e0 e075 0
    6	9e0 e076 0
    6	9e0 e804 0
    3	9e0 e805 0
    3	9e0 e822 0
    6	9e0 e828 0

    6	9e0 f005 0
    3	9e0 f006 0
   12	9e0 f007 0
    3	9e0 f00d 0
    3	9e0 f012 0
    3	9e0 f013 0
    9	9e0 f014 0
    6	9e0 f015 0
   12	9e0 f017 0
    3	9e0 f027 0
    9	9e0 f045 0

    1	9f0 0001 0
    1	9f0 0081 0
    1	9f0 0101 0
    1	9f0 0181 0
    6	9f0 2081 0
    3	9f0 2083 0
    3	9f0 20c3 0
    3	9f0 2681 0
    3	9f0 268b 0
    3	9f0 3041 0
    3	9f0 304b 0
    6	9f0 3841 0
   12	9f0 3849 0
    3	9f0 3981 0
    3	9f0 398b 0
   12	9f0 3fc1 0
    3	9f0 3fc6 0

    3	1f0 4001 0
    6	1f0 400b 0

    9	9f0 4001 0
    9	9f0 4002 0
    6	9f0 4004 0
    3	9f0 4006 0
    9	9f0 4007 0
    3	9f0 608b 0
    6	9f0 6506 0
    6	9f0 8103 0
    6	9f0 8107 0
   33	9f0 8203 0
   36	9f0 8207 0
    6	9f0 8503 0
    6	9f0 9102 0
    6	9f0 9106 0
   33	9f0 9202 0
   36	9f0 9206 0
    3	9f0 9208 0
    3	9f0 9209 0
    6	9f0 920e 0
    6	9f0 940b 0
    6	9f0 9501 0
    6	9f0 b001 0

    3	9f1 1041 a
    3	9f1 185b 2
    3	9f1 1861 0
    3	9f1 186b 0
    3	9f1 2011 a
    3	9f1 201b a
    6	9f1 2021 a
    6	9f1 2031 a
    6	9f1 2051 a
    6	9f1 3851 0
    3	9f1 3861 2
    3	9f1 5001 a
    3	9f1 5801 8
    6	9f1 5803 8
   15	9f1 5804 8
    3	9f1 5806 8
    1	9f1 5821 8
    4	9f1 5841 8
    4	9f1 5851 8
    1	9f1 5861 8
    6	9f1 6001 a
    6	9f1 6002 0
    6	9f1 6002 8
    3	9f1 6801 a
    6	9f1 6809 8
    3	9f1 680b a
    6	9f1 6829 8
   24	9f1 d001 0
    3	9f1 d00b 0
    3	9f1 d801 0
    6	9f1 e001 0
    3	9f1 f801 2
    6	9f1 f80b 0

   12	a00 54db a
   12	a00 582b a
   12	a00 5c81 a
    4	a00 6021 a
   36	a00 602b a
    6	a00 6201 9
    6	a00 6821 a
